70
220
240
300
440
500
620
1250
2400
4580
7600
8190
8800
8870
8980
10090
10190
11020
12900
20900
39210
42640
49520
63700
67370
105600
108200
203140
208140
209080
214420
219640
221100
221380
222880
224260
225540
227300
230410
232910
233250
233610
234630
236390
242860
242920
244210
244770
244850
247350
251570
255220
255710
261640
266510
267750
268500
271290
271590
274190
275670
281990
282440
282660
285900
286160
287980
290300
290970
292030
310380
311210
314160
321040
322330
322500
323850
323910
331670
333930
346010
346900
356570
359320
359550
364360
365590
366440
368730
369200
374320
377160
378120
379720
381210
386070
386940
391540
394230
394360
394510
397460
405500
407530
422970
427520
427730
431240
433850
450390
450540
